0.0 90 0 10 0 
3.9369420375102537E-4 89 1 10 0 
0.0016323363073228998 88 2 10 0 
0.0023486091439243522 88 2 9 1 
0.007609035858131005 87 3 9 1 
0.00911066032553905 86 4 9 1 
0.011965030494623845 85 5 9 1 
0.013626524795875165 84 6 9 1 
0.015301641187276501 83 7 9 1 
0.016394180880015673 82 8 9 1 
0.016945522811157434 81 9 9 1 
0.017944820928713315 80 10 9 1 
0.01824090899299987 79 11 9 1 
0.019400580551799308 78 12 9 1 
0.01976560575237913 77 13 9 1 
0.02287143857162323 76 14 9 1 
0.02405472799034475 75 15 9 1 
0.026753966722357962 74 16 9 1 
0.02735875202013856 73 17 9 1 
0.02900874500952355 72 18 9 1 
0.03178151459981703 71 19 9 1 
0.03273167334658238 70 20 9 1 
0.03344687866049316 69 21 9 1 
0.03372714905624272 68 22 9 1 
0.0337413887575925 67 23 9 1 
0.03437269243857939 66 24 9 1 
0.03644057662024742 65 25 9 1 
0.03802080148108672 64 26 9 1 
0.044926261333121414 63 27 9 1 
0.04953895304088295 62 28 9 1 
0.04958469933979124 62 27 10 1 
0.0497980201832078 61 28 10 1 
0.05250138187565086 60 29 10 1 
0.05318205494971411 59 30 10 1 
0.05506668742565458 58 31 10 1 
0.05842121144777118 57 32 10 1 
0.05861234111516779 56 33 10 1 
0.05915166333752061 55 34 10 1 
0.06000906036695003 54 35 10 1 
0.062292222597274544 53 36 10 1 
0.06314388535450367 52 37 10 1 
0.06322539448788816 51 38 10 1 
0.06346966082336793 50 39 10 1 
0.06635255064680863 49 40 10 1 
0.06684456662170134 48 41 10 1 
0.07622908704593997 47 42 10 1 
0.0769032090205122 46 43 10 1 
0.07718033876147022 45 44 10 1 
0.07764341633758412 44 45 10 1 
0.0789589492119642 43 46 10 1 
0.0791359619166985 42 47 10 1 
0.07926971128140954 41 48 10 1 
0.08262118803700223 40 49 10 1 
0.08424094017670337 39 50 10 1 
0.08948928357340846 38 51 10 1 
0.09173746347258009 37 52 10 1 
0.09196282181414035 36 53 10 1 
0.09639294880380732 36 52 11 1 
0.09948756225201802 35 53 11 1 
0.09956385718016171 34 54 11 1 
0.10477544797955991 33 55 11 1 
0.10804356318263955 32 56 11 1 
0.11190218928787857 31 57 11 1 
0.11286718045442609 30 58 11 1 
0.114018217836765 29 59 11 1 
0.11450816692719032 28 60 11 1 
0.11594669597559175 27 61 11 1 
0.11785234278903015 26 62 11 1 
0.11943071765256372 25 63 11 1 
0.12390487838163895 24 64 11 1 
0.12716976435664307 23 65 11 1 
0.13381640657837918 22 66 11 1 
0.13764706562230677 21 67 11 1 
0.13781732834847224 20 68 11 1 
0.14305661870779468 20 67 12 1 
0.14452165833752695 19 68 12 1 
0.14656763332772452 18 69 12 1 
0.14911771015627384 18 68 13 1 
0.14999783171118153 17 69 13 1 
0.16154114249448254 17 68 14 1 
0.1616393149896272 16 69 14 1 
0.1691803173368642 15 70 14 1 
0.170969170411711 14 71 14 1 
0.17532490104337758 13 72 14 1 
0.17823531326288927 13 71 15 1 
0.18072031803038116 12 72 15 1 
0.19198916563435614 12 71 16 1 
0.197771748824089 11 72 16 1 
0.1978865767333927 10 73 16 1 
0.19912658742260594 9 74 16 1 
0.20165895318769766 9 73 17 1 
0.20673707170336678 9 73 16 2 
0.20807070300427882 8 74 16 2 
0.21102851325738875 8 73 17 2 
0.21794335013334015 7 74 17 2 
0.22049711063325156 7 73 18 2 
0.2266492107487548 7 72 19 2 
0.2310278105098473 6 73 19 2 
0.23440282549870745 6 73 18 3 
0.23492457066862524 6 72 19 3 
0.242296491704249 5 73 19 3 
0.2446714558099659 4 74 19 3 
0.25844926621449865 3 75 19 3 
0.2587036365204605 3 74 20 3 
0.26692298567348893 2 75 20 3 
0.26898896007173884 2 74 21 3 
0.28233051066007503 1 75 21 3 
0.28636090147310567 1 74 22 3 
0.2926862438357337 0 75 22 3 
0.31390815298809654 0 75 21 4 
0.31871198809673734 0 74 22 4 
0.32006698658010385 0 73 23 4 
0.32443069319530216 0 72 24 4 
0.33254332524491814 0 71 25 4 
0.34258647248752794 0 70 26 4 
0.3498535690756991 0 69 27 4 
0.37336328418478854 0 68 28 4 
0.3804801749522665 0 68 27 5 
0.3940981073252088 0 67 28 5 
0.4022643000479911 0 66 29 5 
0.4130993753019839 0 65 30 5 
0.4202733555895033 0 65 29 6 
0.42914798377043756 0 65 28 7 
0.4361357096161561 0 65 27 8 
0.4383710513112552 0 65 26 9 
0.4406870018758555 0 64 27 9 
0.4533370627182772 0 63 28 9 
0.4593795204792516 0 63 27 10 
0.46284529437535477 0 63 26 11 
0.4721232036112641 0 62 27 11 
0.48304413889506553 0 61 28 11 
0.4874333401562797 0 60 29 11 
0.49344230975022346 0 60 28 12 
0.4994217247273916 0 59 29 12 
0.509112745910553 0 58 30 12 
0.5110844027538858 0 57 31 12 
0.5113439620527199 0 56 32 12 
0.523015808864529 0 56 31 13 
0.5236364732309163 0 56 30 14 
0.5618271768847641 0 55 31 14 
0.5690713257762126 0 55 30 15 
0.5933639970777835 0 55 29 16 
0.6874419794650137 0 54 30 16 
0.6879040005822267 0 53 31 16 
0.6961193261976274 0 52 32 16 
0.70564039844831 0 51 33 16 
0.7145032885345375 0 51 32 17 
0.7230513884241951 0 50 33 17 
0.7239589981299478 0 49 34 17 
0.7359371330565825 0 49 33 18 
0.738787160973137 0 49 32 19 
0.7394221513210217 0 48 33 19 
0.7437420955671431 0 47 34 19 
0.7531576044106333 0 46 35 19 
0.7659718486784391 0 46 34 20 
0.7734383233336699 0 45 35 20 
0.7756520260563754 0 45 34 21 
0.8035916754449739 0 44 35 21 
0.8178415185914296 0 43 36 21 
0.8230880693291391 0 42 37 21 
0.8281740467410935 0 42 36 22 
0.8327862595138438 0 41 37 22 
0.8408509219112011 0 41 36 23 
0.8444867472927352 0 41 35 24 
0.8445563303871256 0 41 34 25 
0.8465508265943922 0 40 35 25 
0.8534687615224352 0 40 34 26 
0.875657701635998 0 40 33 27 
0.894214596569353 0 39 34 27 
0.8956106409960777 0 39 33 28 
0.9040409815172336 0 39 32 29 
0.9272970834063561 0 39 31 30 
0.9461439755685693 0 39 30 31 
0.9465541438869601 0 39 29 32 
0.9551432521719099 0 38 30 32 
0.9618328884455204 0 37 31 32 
0.9922939715593615 0 37 30 33 
0.9971780879268719 0 36 31 33 
1.0054706511501976 0 36 30 34 
1.0135468845458313 0 36 29 35 
1.0311779211443117 0 35 30 35 
1.0431530065852486 0 35 29 36 
1.04491904539242 0 35 28 37 
1.0518202998430586 0 34 29 37 
1.0831819928449347 0 33 30 37 
1.1305306927945051 0 32 31 37 
1.1767335774114707 0 31 32 37 
1.1871998961913675 0 30 33 37 
1.1886106459863408 0 30 32 38 
1.2338185312646488 0 30 31 39 
1.243130644059845 0 29 32 39 
1.257616010473023 0 28 33 39 
1.263399218181096 0 27 34 39 
1.265010515541206 0 26 35 39 
1.2842494571757561 0 26 34 40 
1.3104684980894459 0 25 35 40 
1.3254994799955777 0 24 36 40 
1.3952899690886853 0 24 35 41 
1.4021427217079452 0 24 34 42 
1.4172285768168353 0 24 33 43 
1.4291623126161754 0 24 32 44 
1.4543777794052122 0 24 31 45 
1.46039343331308 0 23 32 45 
1.4758168272030905 0 23 31 46 
1.4788388474233303 0 22 32 46 
1.5302792605128734 0 22 31 47 
1.5934483351110298 0 21 32 47 
1.6036979839620171 0 20 33 47 
1.6371226452288217 0 20 32 48 
1.663128776975233 0 19 33 48 
1.6646133457494408 0 19 32 49 
1.6647730986565017 0 18 33 49 
1.6877747852992566 0 18 32 50 
1.7238230913901604 0 18 31 51 
1.7598731464733615 0 18 30 52 
1.78892421326153 0 18 29 53 
1.8141178285292652 0 17 30 53 
1.822946372561416 0 16 31 53 
1.8345040864086046 0 16 30 54 
1.8575683051995104 0 16 29 55 
1.8623290542538566 0 16 28 56 
1.8801560970041922 0 16 27 57 
1.8817500447241429 0 15 28 57 
1.8973887088137602 0 14 29 57 
1.9139737310439011 0 14 28 58 
1.9348988854259621 0 14 27 59 
1.9876694571371414 0 13 28 59 
1.9942219843505602 0 13 27 60 
2.01502102532776 0 13 26 61 
2.017497151052501 0 12 27 61 
2.0341713744949588 0 12 26 62 
2.0591228593381725 0 12 25 63 
2.0710948960622493 0 11 26 63 
2.0918247174961997 0 11 25 64 
2.1738843161239165 0 10 26 64 
2.1865034028100654 0 10 25 65 
2.2446611265521605 0 10 24 66 
2.289166893425677 0 10 23 67 
2.332467569989968 0 10 22 68 
2.3652810922923866 0 10 21 69 
2.402332790668516 0 10 20 70 
2.405343445239152 0 10 19 71 
2.4408832551029045 0 10 18 72 
2.4787196662537236 0 9 19 72 
2.496448479702678 0 9 18 73 
2.527107854494938 0 9 17 74 
2.5501903761558906 0 8 18 74 
2.5642842657279963 0 8 17 75 
2.600318177126919 0 8 16 76 
2.6681948262077864 0 8 15 77 
2.7184301912176023 0 8 14 78 
2.777353867659015 0 8 13 79 
2.779457518231519 0 8 12 80 
2.7917633945374654 0 8 11 81 
2.79695841147103 0 8 10 82 
2.872390307952847 0 7 11 82 
2.8884816741542907 0 7 10 83 
2.908827326287782 0 6 11 83 
2.955605331654357 0 6 10 84 
3.020196390744072 0 6 9 85 
3.083307467072771 0 6 8 86 
3.1924753031100845 0 5 9 86 
3.2012178798385222 0 5 8 87 
3.201639385270643 0 4 9 87 
3.346474586032002 0 4 8 88 
3.4198851609859706 0 4 7 89 
3.4215058087739303 0 4 6 90 
3.44645238538424 0 4 5 91 
3.493350679886176 0 3 6 91 
3.659121268642206 0 3 5 92 
3.9709538495346117 0 3 4 93 
3.9882933378388477 0 3 3 94 
4.175035551499122 0 3 2 95 
4.188696916562541 0 3 1 96 
4.488254660999307 0 2 2 96 
4.8326377849261135 0 1 3 96 
4.949256874039103 0 0 4 96 
5.239131491753004 0 0 3 97 
5.626249650260075 0 0 2 98 
5.802711322738425 0 0 1 99 
7.306934930991051 0 0 0 100 
