0.0 90 0 10 0 
0.0010498350880277037 89 1 10 0 
0.0024086304117786326 88 2 10 0 
0.0031631867980091034 87 3 10 0 
0.004030498162607959 86 4 10 0 
0.004340784411875643 85 5 10 0 
0.004443214060707134 84 6 10 0 
0.00478505907900385 83 7 10 0 
0.005225558370011244 82 8 10 0 
0.005606102082462111 81 9 10 0 
0.00643870944331329 80 10 10 0 
0.007472960772687866 79 11 10 0 
0.007945539390498326 78 12 10 0 
0.0085603491797796 77 13 10 0 
0.008567081365757607 76 14 10 0 
0.009900200912577019 75 15 10 0 
0.009970343174418445 74 16 10 0 
0.010175822080638318 73 17 10 0 
0.01164435678191594 72 18 10 0 
0.013230568157940683 71 19 10 0 
0.015324158462268323 70 20 10 0 
0.01569349272305713 69 21 10 0 
0.017110427952204316 68 22 10 0 
0.018698952262455958 67 23 10 0 
0.026557694826559827 66 24 10 0 
0.026858951084623026 65 25 10 0 
0.02873623459935423 64 26 10 0 
0.03186943880540356 63 27 10 0 
0.035031025176784476 62 28 10 0 
0.035314297195202196 61 29 10 0 
0.036709713276747595 60 30 10 0 
0.03926593066840479 59 31 10 0 
0.0436765040893455 58 32 10 0 
0.04426268427340944 58 32 9 1 
0.045278426842777886 57 33 9 1 
0.04743175785225565 56 34 9 1 
0.04817811401576228 56 33 10 1 
0.049959083352114214 55 34 10 1 
0.05153392999854792 54 35 10 1 
0.05362591260248982 53 36 10 1 
0.054758408447885494 52 37 10 1 
0.05739608907033496 51 38 10 1 
0.05966811910419563 50 39 10 1 
0.0608456579083478 49 40 10 1 
0.060985868799439284 48 41 10 1 
0.06212337575617051 47 42 10 1 
0.06241377679682572 47 42 9 2 
0.06486725629137802 46 43 9 2 
0.06670450834022956 46 42 10 2 
0.06694895122701809 45 43 10 2 
0.07061662002562213 44 44 10 2 
0.07408950171207024 43 45 10 2 
0.07736612401157122 42 46 10 2 
0.08593485422890267 41 47 10 2 
0.08619096702165077 40 48 10 2 
0.08661527421793244 39 49 10 2 
0.0868223889493495 38 50 10 2 
0.09169184337317868 37 51 10 2 
0.09343577172969775 36 52 10 2 
0.099907322504814 35 53 10 2 
0.10097620342913356 34 54 10 2 
0.10234944269370187 33 55 10 2 
0.10303887008341114 33 54 11 2 
0.10638727513314046 32 55 11 2 
0.11069644112840774 31 56 11 2 
0.11601570169808902 30 57 11 2 
0.11738866964063624 29 58 11 2 
0.1181697651503554 29 57 12 2 
0.11925481344977697 28 58 12 2 
0.12781860215560834 27 59 12 2 
0.12954350239852036 26 60 12 2 
0.13044441681986618 25 61 12 2 
0.1330607772946761 25 60 13 2 
0.1342142869381376 24 61 13 2 
0.1356313381439345 23 62 13 2 
0.14238834682223164 23 61 14 2 
0.14430705738954247 22 62 14 2 
0.1479342449267038 21 63 14 2 
0.1485495989573665 21 62 15 2 
0.15054530746237216 20 63 15 2 
0.15475229193267273 20 62 16 2 
0.1570094307157258 19 63 16 2 
0.15833727299211306 19 62 17 2 
0.15987738202925378 18 63 17 2 
0.16075551707269892 18 62 18 2 
0.17191554420288302 17 63 18 2 
0.17265254111000758 16 64 18 2 
0.17968727466977047 15 65 18 2 
0.18377505168775035 15 64 19 2 
0.18505329978173318 14 65 19 2 
0.1892560659446197 13 66 19 2 
0.1909359382855898 12 67 19 2 
0.1912779265469124 11 68 19 2 
0.19643845432782223 10 69 19 2 
0.20435641172868335 9 70 19 2 
0.21007942253656472 9 69 20 2 
0.2102076453634755 8 70 20 2 
0.21040066259693407 7 71 20 2 
0.21301204281554767 6 72 20 2 
0.2141790046229679 6 71 21 2 
0.21463100813797428 5 72 21 2 
0.2152439348879446 4 73 21 2 
0.22247207440417724 4 72 22 2 
0.22861159824198396 4 71 23 2 
0.23007797419308215 4 70 24 2 
0.23236925532793065 3 71 24 2 
0.23928978199555845 3 70 25 2 
0.24806886457032626 2 71 25 2 
0.25113899235513654 1 72 25 2 
0.25714584380740757 1 71 26 2 
0.25949778941049617 0 72 26 2 
0.2639791776419301 0 71 27 2 
0.2749133058512297 0 71 26 3 
0.29058391176578374 0 71 25 4 
0.2931844294729711 0 70 26 4 
0.3016726866583413 0 70 25 5 
0.3104342908092186 0 69 26 5 
0.3420669527854152 0 69 25 6 
0.35095552038440253 0 69 24 7 
0.3624303730780842 0 68 25 7 
0.37673069736195164 0 67 26 7 
0.3957152205118713 0 66 27 7 
0.4011065270041476 0 66 26 8 
0.40570954827473665 0 66 25 9 
0.4089958658999135 0 65 26 9 
0.41321208669722426 0 65 25 10 
0.42559413291869685 0 64 26 10 
0.4258295129438861 0 63 27 10 
0.42698256838341236 0 62 28 10 
0.4403158097028946 0 62 27 11 
0.44942060730727157 0 61 28 11 
0.4540857080380414 0 60 29 11 
0.46107534093465 0 59 30 11 
0.46389445727393874 0 59 29 12 
0.49152442296852344 0 58 30 12 
0.4924575891981202 0 58 29 13 
0.5020074543857045 0 57 30 13 
0.532872185059257 0 57 29 14 
0.5383657684925708 0 56 30 14 
0.5392692069419676 0 55 31 14 
0.5927027277938783 0 55 30 15 
0.5978716976504556 0 54 31 15 
0.5982037259179235 0 54 30 16 
0.6156519974938043 0 53 31 16 
0.6281180618354159 0 52 32 16 
0.6357132639271876 0 51 33 16 
0.6447364226318656 0 50 34 16 
0.6568106622560523 0 49 35 16 
0.6568890759494307 0 49 34 17 
0.6582499961593667 0 48 35 17 
0.66312011889525 0 47 36 17 
0.6721958523426023 0 46 37 17 
0.673083383961721 0 46 36 18 
0.6863781295847209 0 45 37 18 
0.6897711677273918 0 45 36 19 
0.7045160576974393 0 44 37 19 
0.709868543654211 0 44 36 20 
0.7322259663054679 0 44 35 21 
0.7412340304175453 0 43 36 21 
0.7417584720049828 0 42 37 21 
0.75928101687271 0 41 38 21 
0.7740198400433913 0 40 39 21 
0.7769069011802596 0 39 40 21 
0.8004019824170565 0 39 39 22 
0.8016781353411067 0 39 38 23 
0.8067294314160474 0 38 39 23 
0.8164981442029036 0 38 38 24 
0.8169398396760309 0 37 39 24 
0.8381339966512231 0 37 38 25 
0.8723659989513516 0 36 39 25 
0.8784952992888511 0 36 38 26 
0.8963444125723525 0 36 37 27 
0.9215305598022208 0 36 36 28 
0.9607414441016773 0 35 37 28 
0.9636508350094078 0 35 36 29 
0.9783377234867003 0 34 37 29 
0.9787225419967794 0 34 36 30 
0.9984699767140246 0 33 37 30 
1.000199210654834 0 33 36 31 
1.011520630820734 0 33 35 32 
1.016440611307973 0 33 34 33 
1.064106666443524 0 33 33 34 
1.0867456879825181 0 32 34 34 
1.1163309116413083 0 32 33 35 
1.1244114572368968 0 31 34 35 
1.129395887544143 0 31 33 36 
1.1344112362699454 0 30 34 36 
1.1385406726103027 0 30 33 37 
1.1497107172018322 0 29 34 37 
1.1629811074404004 0 29 33 38 
1.1697505717270458 0 29 32 39 
1.179606092322693 0 28 33 39 
1.1810297637166345 0 27 34 39 
1.1929758939257102 0 26 35 39 
1.2059103089784813 0 25 36 39 
1.2080291016876326 0 25 35 40 
1.2200762053483578 0 24 36 40 
1.221224814081585 0 23 37 40 
1.2232878910501386 0 22 38 40 
1.2244571054673286 0 22 37 41 
1.23118091679672 0 22 36 42 
1.24251709357929 0 21 37 42 
1.2671118658962413 0 20 38 42 
1.272396140299742 0 20 37 43 
1.2861813796020707 0 20 36 44 
1.3113652447207615 0 20 35 45 
1.324618390248475 0 20 34 46 
1.3538861095183186 0 20 33 47 
1.3545130110983805 0 20 32 48 
1.3785934425759527 0 20 31 49 
1.3935265094198852 0 20 30 50 
1.3965774157330826 0 20 29 51 
1.414429774478276 0 19 30 51 
1.5052656727535283 0 18 31 51 
1.5127518848033137 0 18 30 52 
1.5490048460122665 0 17 31 52 
1.5530492082147258 0 17 30 53 
1.5833748831893137 0 17 29 54 
1.616574115602704 0 17 28 55 
1.6204164628269995 0 17 27 56 
1.6449125085199015 0 17 26 57 
1.704010250722546 0 17 25 58 
1.7143230063216819 0 16 26 58 
1.7408856384219549 0 15 27 58 
1.7781338401660671 0 14 28 58 
1.7797505557095434 0 13 29 58 
1.8025983302966722 0 13 28 59 
1.8172347102361803 0 13 27 60 
1.8288200635722436 0 13 26 61 
1.8439677239372416 0 12 27 61 
1.8622698168007412 0 12 26 62 
1.8777102220460886 0 12 25 63 
1.9481508540855756 0 11 26 63 
1.9940016397508102 0 11 25 64 
1.9967271936664353 0 10 26 64 
2.015953653853299 0 9 27 64 
2.0206716419705057 0 9 26 65 
2.0670064464474516 0 9 25 66 
2.071547471442026 0 9 24 67 
2.105174737826059 0 8 25 67 
2.1087666935032807 0 7 26 67 
2.1156070747034534 0 6 27 67 
2.1287441834232017 0 6 26 68 
2.130448645441182 0 5 27 68 
2.183820439895061 0 5 26 69 
2.199002530287604 0 5 25 70 
2.243884542464189 0 5 24 71 
2.251491770767741 0 5 23 72 
2.311102602600776 0 5 22 73 
2.346770685851861 0 5 21 74 
2.383468540309376 0 5 20 75 
2.4628291670214386 0 5 19 76 
2.528236864387413 0 5 18 77 
2.5367003414291114 0 5 17 78 
2.5451862006233905 0 5 16 79 
2.593444105166621 0 4 17 79 
2.6159714095667757 0 4 16 80 
2.63410404370953 0 4 15 81 
2.677604016965682 0 4 14 82 
2.7483155335850573 0 4 13 83 
2.810460170105677 0 4 12 84 
2.855090317031691 0 4 11 85 
2.85889888202874 0 3 12 85 
2.994587311586036 0 3 11 86 
3.3703467341711515 0 3 10 87 
3.5557505112780547 0 3 9 88 
3.627121196595357 0 3 8 89 
3.660698730037493 0 3 7 90 
3.7083167426478703 0 2 8 90 
3.7467641012630235 0 1 9 90 
3.889617582321031 0 1 8 91 
3.903137057683901 0 1 7 92 
3.9209149622542983 0 1 6 93 
4.0202183002013046 0 1 5 94 
4.092281929832533 0 1 4 95 
4.181976680795261 0 0 5 95 
4.571977239563696 0 0 4 96 
4.888982932821938 0 0 3 97 
5.124575361557856 0 0 2 98 
5.152673224382542 0 0 1 99 
8.989617650015727 0 0 0 100 
